TIMESERIES XA_BHW01__HH_D, 10922 samples, 20 sps, 2013-01-20T20:30:47.388900, SLIST, INTEGER, Counts
0
0
0
0
0
0
0
0
0
0
0
0
0
0
0
0
0
0
0
0
0
0
0
0
0
0
0
0
0
0
0
0
0
0
0
0
0
0
0
0
0
0
0
0
0
0
0
0
0
0
-1
-1
-1
-1
-1
-1
-1
-1
-1
-1
-1
-1
-1
-1
-1
-1
-1
-1
-1
-1
-1
-2
-2
-2
-2
-2
-3
-3
-3
-3
-3
-3
-3
-3
-3
-4
-4
-4
-4
-5
-5
-5
-5
-5
-5
-5
-6
-6
-6
-7
-7
-7
-8
-8
-8
-9
-8
-8
-9
-8
-9
-9
-9
-9
-10
-10
-10
-10
-10
-9
-10
-10
-9
-10
-11
-10
-11
-12
-12
-11
-13
-13
-12
-12
-13
-13
-14
-15
-15
-15
-16
-16
-17
-17
-17
-17
-18
-17
-18
-18
-17
-19
-20
-20
-20
-20
-21
-20
-20
-21
-21
-19
-21
-22
-21
-22
-22
-20
-23
-23
-24
-23
-25
-23
-24
-26
-25
-24
-27
-26
-25
-27
-29
-29
-29
-32
-32
-32
-34
-34
-31
-33
-33
-33
-34
-36
-39
-39
-37
-38
-39
-41
-42
-41
-43
-40
-43
-41
-43
-48
-50
-48
-51
-50
-52
-53
-55
-51
-51
-56
-58
-55
-63
-65
-64
-67
-66
-60
-69
-66
-61
-64
-71
-66
-67
-73
-76
-74
-78
-73
-74
-75
-74
-72
-71
-76
-75
-80
-83
-86
-84
-92
-85
-86
-92
-84
-80
-85
-81
-84
-89
-87
-96
-92
-86
-92
-88
-85
-82
-73
-76
-73
-71
-78
-83
-74
-89
-90
-78
-77
-81
-71
-72
-72
-70
-60
-74
-68
-70
-79
-79
-70
-68
-72
-66
-64
-65
-58
-63
-76
-74
-72
-84
-89
-83
-93
-92
-87
-89
-94
-85
-90
-104
-103
-109
-118
-117
-119
-122
-115
-119
-119
-118
-122
-122
-125
-138
-147
-154
-155
-164
-164
-158
-170
-168
-157
-168
-180
-172
-182
-185
-188
-184
-190
-193
-185
-191
-184
-170
-181
-181
-195
-195
-185
-190
-192
-185
-190
-191
-191
-174
-164
-177
-178
-169
-174
-183
-177
-175
-180
-173
-170
-165
-152
-162
-162
-138
-155
-153
-150
-152
-159
-158
-159
-155
-150
-128
-134
-145
-128
-131
-141
-134
-133
-141
-131
-135
-144
-129
-134
-136
-128
-133
-148
-147
-141
-155
-158
-165
-164
-179
-179
-177
-202
-183
-182
-213
-197
-196
-215
-205
-217
-219
-239
-226
-237
-249
-233
-238
-257
-243
-239
-247
-236
-244
-256
-252
-258
-264
-257
-238
-253
-252
-234
-237
-247
-226
-230
-247
-249
-246
-257
-264
-230
-238
-257
-230
-238
-244
-241
-228
-263
-231
-251
-266
-269
-246
-253
-266
-243
-265
-243
-229
-245
-237
-220
-244
-235
-235
-221
-235
-230
-221
-230
-194
-199
-212
-209
-204
-206
-222
-207
-229
-226
-203
-192
-199
-179
-198
-202
-162
-170
-196
-176
-194
-190
-179
-173
-188
-181
-160
-187
-150
-141
-172
-180
-167
-178
-207
-175
-200
-197
-197
-184
-194
-186
-179
-201
-199
-223
-236
-239
-228
-240
-251
-236
-240
-231
-221
-221
-244
-234
-236
-271
-275
-265
-291
-282
-266
-271
-265
-263
-259
-286
-270
-286
-311
-293
-299
-288
-297
-276
-275
-259
-237
-247
-269
-250
-260
-268
-253
-261
-265
-257
-216
-234
-232
-197
-207
-194
-186
-213
-219
-202
-216
-223
-200
-182
-202
-183
-191
-178
-180
-186
-190
-215
-206
-208
-232
-223
-215
-217
-200
-208
-200
-200
-212
-243
-226
-224
-243
-239
-231
-235
-217
-203
-217
-199
-197
-212
-207
-234
-234
-219
-225
-221
-225
-222
-217
-207
-211
-205
-224
-227
-222
-223
-246
-226
-222
-231
-200
-203
-188
-212
-189
-204
-199
-172
-189
-186
-182
-193
-197
-174
-173
-177
-167
-171
-176
-169
-163
-193
-198
-184
-202
-183
-176
-183
-172
-176
-195
-184
-166
-184
-204
-189
-191
-205
-186
-194
-205
-184
-187
-196
-190
-191
-205
-197
-178
-194
-196
-183
-196
-205
-190
-198
-183
-165
-191
-187
-177
-188
-177
-188
-175
-201
-185
-181
-192
-171
-153
-165
-164
-142
-152
-136
-133
-150
-168
-153
-126
-169
-148
-141
-160
-154
-139
-145
-164
-154
-171
-210
-173
-180
-216
-190
-186
-209
-167
-161
-157
-168
-171
-178
-193
-188
-173
-194
-196
-153
-156
-158
-152
-153
-169
-145
-157
-175
-184
-197
-212
-180
-198
-183
-173
-175
-183
-161
-160
-188
-181
-188
-197
-188
-171
-177
-159
-142
-149
-163
-127
-140
-142
-152
-149
-153
-148
-143
-132
-118
-115
-106
-102
-88
-113
-111
-131
-121
-134
-126
-125
-119
-109
-101
-126
-90
-91
-112
-109
-138
-146
-154
-150
-157
-172
-122
-127
-157
-113
-122
-134
-117
-148
-143
-133
-140
-138
-119
-115
-114
-104
-86
-98
-97
-87
-117
-107
-99
-95
-117
-99
-104
-93
-89
-87
-77
-90
-94
-114
-114
-126
-122
-136
-106
-135
-124
-115
-115
-119
-143
-134
-140
-138
-137
-141
-146
-124
-145
-153
-130
-138
-146
-138
-145
-160
-136
-153
-178
-166
-150
-175
-162
-147
-161
-156
-124
-147
-157
-133
-157
-144
-118
-134
-126
-119
-112
-129
-115
-115
-110
-108
-106
-129
-108
-101
-108
-127
-104
-108
-122
-111
-107
-113
-119
-90
-106
-102
-78
-100
-95
-87
-102
-103
-93
-107
-97
-89
-96
-94
-92
-86
-98
-99
-109
-112
-105
-93
-126
-111
-118
-120
-114
-116
-114
-125
-127
-141
-153
-137
-146
-151
-133
-130
-142
-126
-124
-125
-127
-119
-115
-136
-120
-145
-124
-121
-116
-123
-92
-103
-117
-99
-123
-127
-129
-101
-125
-123
-123
-109
-106
-110
-112
-113
-99
-110
-124
-111
-116
-125
-104
-114
-120
-91
-95
-85
-88
-89
-81
-104
-92
-106
-114
-102
-91
-93
-68
-65
-63
-47
-51
-54
-72
-62
-85
-79
-66
-60
-76
-50
-56
-53
-46
-60
-95
-73
-98
-122
-110
-109
-119
-130
-128
-111
-129
-109
-126
-127
-137
-160
-170
-164
-162
-171
-164
-140
-183
-148
-139
-144
-153
-158
-169
-180
-175
-181
-181
-156
-151
-158
-130
-121
-138
-134
-129
-148
-144
-142
-159
-160
-127
-134
-130
-121
-115
-114
-114
-137
-140
-149
-149
-150
-143
-139
-138
-118
-112
-94
-104
-85
-110
-123
-124
-114
-117
-103
-113
-94
-90
-74
-78
-79
-51
-62
-87
-62
-77
-72
-55
-56
-63
-45
-37
-32
-25
-25
-23
-42
-41
-73
-44
-40
-57
-68
-53
-52
-59
-48
-49
-65
-51
-69
-80
-79
-92
-91
-86
-81
-91
-77
-74
-96
-108
-103
-130
-140
-139
-149
-174
-162
-155
-173
-162
-160
-181
-161
-175
-210
-202
-196
-207
-208
-200
-198
-183
-196
-177
-198
-193
-184
-189
-203
-197
-193
-188
-204
-195
-194
-174
-177
-185
-175
-175
-183
-188
-175
-188
-179
-172
-179
-176
-163
-165
-157
-147
-161
-157
-138
-144
-144
-136
-133
-143
-123
-120
-123
-106
-83
-112
-94
-89
-78
-74
-66
-80
-63
-57
-62
-52
-53
-46
-52
-39
-30
-57
-36
-32
-40
-54
-46
-49
-36
-37
-51
-48
-33
-43
-49
-48
-54
-54
-65
-59
-72
-57
-77
-84
-76
-63
-73
-72
-77
-95
-107
-97
-125
-129
-121
-129
-146
-131
-135
-142
-128
-138
-150
-136
-153
-167
-168
-167
-164
-156
-165
-155
-152
-147
-132
-141
-143
-142
-170
-167
-158
-171
-154
-164
-159
-145
-151
-161
-148
-156
-169
-179
-179
-191
-193
-182
-180
-173
-170
-153
-163
-145
-160
-158
-164
-168
-172
-169
-141
-145
-149
-124
-113
-122
-98
-109
-126
-133
-129
-152
-129
-122
-125
-118
-100
-102
-94
-83
-87
-105
-112
-109
-126
-112
-111
-92
-104
-74
-76
-75
-71
-84
-97
-104
-93
-123
-125
-105
-118
-121
-95
-100
-97
-77
-102
-102
-106
-106
-113
-118
-125
-126
-110
-113
-114
-112
-99
-128
-136
-132
-144
-159
-143
-162
-157
-145
-156
-146
-140
-156
-152
-150
-165
-182
-182
-168
-178
-182
-170
-163
-148
-147
-155
-139
-170
-161
-175
-162
-156
-156
-147
-146
-164
-123
-109
-131
-114
-103
-137
-122
-115
-140
-126
-110
-132
-119
-83
-103
-95
-93
-80
-128
-118
-101
-127
-118
-103
-154
-107
-108
-119
-116
-105
-124
-134
-139
-147
-162
-143
-149
-156
-175
-132
-149
-144
-138
-157
-150
-150
-167
-169
-166
-184
-179
-167
-158
-183
-158
-167
-156
-176
-170
-183
-178
-170
-191
-180
-171
-179
-166
-158
-148
-157
-129
-148
-145
-131
-128
-134
-108
-114
-119
-110
-97
-102
-99
-116
-97
-122
-110
-102
-111
-106
-102
-116
-85
-90
-98
-64
-89
-86
-79
-89
-91
-70
-74
-77
-91
-84
-79
-69
-76
-81
-94
-83
-77
-94
-75
-76
-96
-111
-98
-96
-82
-104
-111
-105
-85
-105
-102
-87
-104
-112
-104
-95
-127
-103
-124
-134
-137
-123
-127
-145
-122
-150
-143
-134
-161
-156
-129
-151
-163
-154
-147
-145
-143
-128
-144
-147
-131
-143
-145
-140
-118
-133
-128
-101
-102
-107
-93
-89
-95
-91
-115
-110
-93
-116
-124
-82
-85
-96
-77
-79
-78
-91
-83
-112
-92
-83
-112
-85
-79
-91
-73
-64
-64
-75
-64
-71
-102
-89
-84
-107
-100
-85
-91
-94
-75
-79
-68
-85
-100
-98
-100
-109
-107
-102
-100
-102
-99
-64
-100
-89
-69
-92
-93
-86
-105
-100
-97
-97
-87
-89
-98
-80
-75
-88
-98
-110
-101
-108
-119
-111
-107
-97
-102
-91
-84
-76
-82
-90
-78
-102
-96
-89
-95
-84
-56
-67
-72
-40
-32
-71
-65
-45
-86
-80
-68
-93
-84
-67
-74
-85
-85
-76
-69
-86
-112
-123
-121
-122
-149
-127
-120
-142
-134
-110
-120
-139
-125
-159
-164
-146
-163
-170
-140
-163
-193
-219
-158
-140
-259
-131
526
-590
146
-239
582
-759
-603
545
286
-563
-313
471
29
-544
-522
755
-557
-43
431
-268
-16
-189
-261
-488
606
496
-993
-461
1266
43
-174
-641
738
-206
-12
463
-813
347
69
128
-315
-873
1149
-1204
52
-105
-264
1008
248
-1669
1122
73
-982
215
89
-300
145
152
-653
270
117
-883
765
-194
-143
213
-327
-1038
1016
-575
-36
-479
-1
239
-19
-224
-883
187
-125
-381
497
-655
462
-357
-47
-412
-336
271
-640
328
-823
496
-552
886
-646
506
-325
-312
-285
-232
54
-853
281
94
-769
5
813
-139
-580
-294
537
284
-685
-560
894
-328
-56
-188
196
606
-914
914
-692
-205
443
184
-532
480
46
-246
252
-155
-21
-477
168
87
206
-431
210
652
-339
-79
307
61
381
-180
-226
-90
32
329
-565
-279
374
521
-717
238
344
-466
151
270
-40
-520
286
-88
-287
604
-798
-381
563
-166
-250
343
-786
381
122
-484
228
-264
-411
91
8
-628
319
310
-589
-459
810
-593
-563
-82
39
-296
-258
47
-837
58
723
-899
-10
704
-588
-442
242
-201
-31
163
-198
-329
40
-279
2
-70
-53
-172
260
241
-590
161
-78
753
-1054
153
133
309
-28
43
-501
160
195
-331
134
92
-193
9
26
-366
333
174
-76
-404
578
-561
312
226
44
-540
920
-479
-618
920
173
-728
123
362
-326
-256
298
-329
322
119
-599
189
-284
-271
475
-267
-279
12
53
7
-204
513
-144
-832
931
-275
-516
226
68
-786
843
-223
-575
352
-34
269
-430
68
-465
488
-241
214
-28
515
-72
-517
1337
31
-939
-378
838
-138
-509
-308
-476
-421
1626
-1946
-1355
1802
771
72
29
-703
-271
-1664
660
-11
399
523
-1535
-1113
2688
925
-202
-254
-1104
703
-1
623
-1940
-398
1767
-202
-330
-2457
2728
-471
298
-1732
1500
168
-303
137
219
915
-98
-4813
4821
-152
-1679
-906
1398
102
-1169
-3757
1900
1846
-548
-979
432
2253
-1026
-870
-117
899
-3158
1127
1517
-3413
418
3888
-958
-19
-198
148
-183
-1007
-1177
1580
2310
-5134
230
1267
1555
-915
1243
-22
-797
-1741
213
867
-762
1367
1080
-2368
870
819
-1791
257
1552
-351
-1172
924
1247
-509
59
-2608
853
1655
-1521
1460
-1240
45
2323
-1890
158
546
861
-1016
-269
324
-1374
1158
-767
-2067
1967
334
-304
-80
-1188
1188
760
-440
394
970
-609
-628
-1234
1048
-197
-841
290
-152
876
-678
964
-623
177
222
-994
-194
-733
860
-592
-774
2132
-2185
150
737
-188
-415
757
-726
-1253
518
-151
-45
-879
362
-128
570
-237
264
-360
615
-764
85
135
-1310
710
3
36
-748
225
195
-116
-380
616
319
-753
-949
402
938
-624
-998
1407
-103
-804
502
278
-1239
323
252
-23
-335
120
-236
-579
1023
-380
-858
1697
-254
-691
-7
108
335
-495
762
24
-443
-455
1087
-350
-280
100
-246
-372
881
-388
-654
901
-805
-381
652
-410
-645
18
769
-927
241
378
-108
597
-136
-227
213
-344
-578
217
-76
-410
328
-285
-242
-61
60
152
570
-1180
81
304
-1011
98
-277
159
302
-422
-160
-83
-578
1206
-235
-250
-171
234
-146
50
-654
383
-29
-491
383
608
-95
-300
297
-470
-351
210
-331
-78
-135
-181
-327
126
277
-158
-213
257
-175
269
161
259
281
-844
-100
-6
-199
-108
239
42
16
-163
34
81
-14
-333
-176
76
-19
-787
539
-112
-358
260
518
-631
302
-156
115
-7
-79
254
-491
-297
645
568
-585
-319
409
111
-816
343
-197
131
-23
-402
620
72
37
-470
344
-137
349
-211
195
-212
-267
-102
-221
292
-169
-35
72
97
-158
-123
272
192
18
-375
146
120
-292
-183
-30
2
-256
27
175
-356
218
-146
277
-645
-49
234
-258
48
-18
-174
-277
405
-465
-402
240
-9
-150
-186
-15
-71
154
-362
-32
-139
-198
-123
-474
-134
562
-414
95
366
-372
-244
352
-254
366
109
-520
476
12
0
118
-24
-703
491
-264
-43
-108
0
190
-84
365
-617
-114
404
67
-130
318
-264
122
329
-361
189
281
-16
-54
483
-215
143
410
-253
-156
293
-24
-328
601
88
-96
502
-460
142
631
-139
-68
-45
5
-163
396
-244
616
-297
-403
305
197
332
-212
-188
189
-16
12
128
115
116
18
69
-19
17
-506
485
-45
-290
-182
173
-87
-2
219
175
-292
236
-449
-54
59
95
-427
-71
22
-171
-197
-272
382
-275
-233
-26
-32
43
-188
-216
-124
36
-566
419
-11
-57
-278
164
327
-159
-342
-323
241
-154
-79
-168
-16
-454
466
-223
-326
248
6
21
-297
35
-161
-373
378
10
-146
-131
205
-179
275
-173
143
-245
447
-57
-258
96
357
-336
236
-109
-61
150
58
-34
84
-71
201
-18
24
62
258
-26
151
-183
125
325
-274
-20
327
214
-108
66
-70
76
-135
119
-79
18
139
-137
100
-12
-14
368
-309
8
-26
53
75
-220
-61
96
284
-92
-417
541
-301
3
84
-13
-102
90
-326
8
-89
-46
-137
201
-406
0
-34
-116
-21
45
-28
120
-366
149
-33
-432
118
34
-141
-167
210
-123
60
-258
-235
122
16
-322
218
-240
-355
248
196
-438
49
-39
-216
150
-356
-361
38
-280
379
-148
-90
-257
22
238
-805
311
-414
-203
-104
-25
-58
-147
-157
-5
138
-139
-274
-138
112
-408
-78
-139
218
-410
164
96
19
-331
-30
81
-20
-133
-254
148
-153
-128
146
-120
71
-194
118
-140
-77
-203
183
-229
30
-132
-125
116
248
-249
-28
128
18
4
-30
-188
23
350
-317
-98
199
46
-89
32
-129
148
139
7
-267
170
-115
76
-68
132
-128
30
-185
61
117
57
-322
-172
124
-5
-177
-98
-128
-208
52
0
-144
-89
-106
-286
-4
-66
-346
-116
109
-381
-18
-92
-48
-209
-180
-189
-5
-426
-66
-230
-92
-257
-292
78
-116
-281
-178
-161
-136
-158
-154
-213
-276
-65
-155
-186
71
-486
-39
-47
-258
-99
-52
-111
-123
-102
-216
-84
-70
-11
27
-114
-209
412
-412
-205
71
-93
-137
75
-116
41
1
87
-54
-136
-72
82
24
-21
-175
-143
161
-109
-11
-11
237
-62
-84
47
30
4
-119
116
62
-132
154
-209
71
-104
-93
2
67
-295
-64
-129
127
-91
-105
-82
-94
-175
126
-181
-187
-201
-58
-233
-96
-294
27
-160
-278
42
-197
-306
9
-28
-356
-65
-140
-225
-109
-75
-213
-224
-345
-217
-106
-193
-235
-306
-132
-119
-321
-214
-57
-301
58
-232
-128
-141
-301
-58
-88
-267
-34
-145
-175
-70
-60
-112
-149
22
-313
-2
-50
-321
148
-174
-10
-172
-52
-160
17
-148
-26
-183
-106
-133
156
-239
-91
-53
-53
7
-64
-41
2
-46
-132
-72
-134
-128
-46
76
-149
48
-193
-22
-115
55
-116
-30
-139
-225
-48
142
-261
-154
131
-163
-159
-95
-56
-123
-1
-278
-47
20
-131
-147
119
-51
-223
-45
-124
83
-120
-70
-54
-159
11
-160
11
48
-256
-205
18
-35
-1
130
-344
-186
11
-228
-45
-223
-122
-116
9
-207
-133
-108
-288
-204
-167
-342
-99
-96
-355
-109
-202
-237
-225
-135
-160
-231
-176
-236
-89
-135
-225
-210
7
-260
-317
-151
14
-304
-285
-42
-212
-319
-219
-66
-155
-202
-229
-146
-143
-70
-148
-122
-108
-39
-225
-62
-12
-215
-71
44
-180
-108
-98
-63
-220
-114
-84
-131
-65
-242
-54
110
-134
-163
50
-30
-168
62
17
-234
-153
-24
-43
24
-39
-273
185
-100
-281
124
-49
-26
-73
7
-229
-36
-71
-30
-226
-185
-95
-27
-177
-259
-33
-201
-107
-165
-191
-227
-14
-201
-89
-190
-113
-258
-164
-186
-213
-217
-247
-177
-185
-129
-347
-143
-245
-100
-246
-179
-124
-137
-200
-197
-307
-171
-113
-147
-220
-65
-182
-201
-183
-69
-258
-120
-98
-169
-202
-31
-343
-110
-195
-214
-215
-74
-133
-186
-189
-238
-32
-261
-261
-131
-99
-284
-190
-164
-29
-146
-124
-125
-140
-187
-111
-218
-268
-110
-172
-192
-70
-232
-170
-209
-184
-132
-201
-237
-151
-166
-159
-219
-255
-55
-305
-225
-186
-117
-308
-256
-169
-102
-202
-277
-237
-71
-255
-161
-274
-29
-156
-69
-105
-220
-223
-254
-127
-34
-174
-324
76
-195
-149
-222
-116
-179
-171
-83
-177
-253
-169
-106
-269
-151
-96
-117
-189
-69
-201
-225
-79
-51
-171
-212
-142
-129
-109
-166
-187
-79
-67
-235
-159
-99
-187
-102
-64
-255
-161
-89
-221
-206
-152
-131
-67
-177
-147
-222
-130
-255
-102
-186
-268
-192
-302
-160
-255
-243
-176
-351
-253
-234
-246
-380
-256
-186
-312
-299
-269
-333
-180
-394
-305
-211
-331
-406
-85
-235
-400
-323
-257
-171
-243
-256
-217
-294
-266
-122
-324
-246
-186
-231
-260
-106
-123
-387
-221
-72
-252
-173
-140
-190
-149
-197
-32
-203
-236
-124
-77
-86
-174
-218
-136
-189
-133
-183
-112
-184
-211
-140
-221
-121
-16
-277
-136
-104
-174
-153
-199
-234
-194
-111
-212
-127
-198
-98
-223
-178
-207
-140
-303
-94
-286
-348
-172
-224
-241
-156
-181
-166
-206
-199
-157
-222
-198
-242
-194
-307
-157
-218
-226
-169
-97
-326
-162
-255
-198
-247
-206
-253
-205
-228
-197
-248
-204
-82
-300
-314
-115
-193
-362
-246
-109
-299
-268
-165
-299
-229
-128
-216
-203
-217
-262
-232
-205
-190
-270
-232
-220
-187
-276
-212
-162
-201
-177
-223
-226
-211
-286
-278
-163
-150
-283
-236
-268
-197
-238
-152
-225
-221
-105
-183
-210
-200
-174
-206
-182
-104
-197
-231
-118
-279
-145
-193
-232
-82
-288
-243
-213
-213
-146
-162
-217
-162
-185
-118
-168
-168
-197
-246
-209
-191
-191
-201
-213
-161
-285
-111
-166
-202
-230
-202
-118
-270
-250
-189
-130
-209
-241
-158
-196
-198
-270
-189
-193
-284
-164
-230
-218
-220
-307
-133
-161
-274
-287
-294
-178
-153
-311
-243
-180
-284
-228
-246
-198
-248
-196
-225
-291
-257
-67
-210
-313
-182
-233
-170
-258
-126
-222
-221
-228
-141
-149
-153
-190
-103
-93
-246
-160
-162
-181
-198
-17
-203
-150
-163
-155
-193
-129
-113
-200
-237
-118
-151
-144
-162
-134
-130
-237
-147
-146
-171
-137
-256
-209
-223
-261
-130
-204
-243
-179
-241
-240
-222
-156
-280
-309
-277
-274
-313
-207
-236
-374
-351
-167
-216
-295
-218
-213
-415
-283
-210
-298
-298
-290
-241
-221
-271
-251
-182
-268
-306
-268
-259
-266
-330
-210
-228
-199
-337
-205
-182
-314
-205
-184
-278
-268
-204
-194
-172
-274
-198
-157
-179
-269
-150
-171
-209
-240
-167
-158
-257
-196
-114
-160
-173
-97
-208
-123
-253
-149
-137
-151
-229
-117
-211
-171
-171
-130
-211
-85
-185
-198
-122
-191
-245
-195
-179
-262
-156
-215
-217
-175
-203
-242
-179
-196
-194
-316
-226
-289
-261
-241
-231
-216
-173
-250
-223
-265
-269
-285
-224
-198
-232
-236
-251
-295
-243
-283
-233
-233
-271
-263
-232
-199
-237
-254
-171
-230
-215
-208
-269
-247
-189
-218
-255
-179
-165
-273
-169
-226
-238
-154
-224
-291
-124
-223
-245
-204
-214
-227
-213
-274
-207
-301
-169
-235
-266
-227
-185
-258
-277
-276
-221
-166
-233
-244
-267
-237
-251
-254
-156
-223
-261
-284
-225
-240
-212
-286
-256
-206
-290
-294
-249
-202
-272
-255
-222
-172
-238
-250
-185
-205
-196
-209
-193
-256
-181
-172
-210
-237
-190
-190
-207
-236
-194
-231
-230
-285
-200
-198
-276
-206
-168
-248
-239
-241
-276
-222
-163
-247
-293
-263
-292
-212
-225
-245
-261
-251
-235
-196
-240
-289
-256
-215
-257
-247
-276
-263
-213
-183
-218
-199
-198
-220
-198
-292
-246
-172
-234
-306
-156
-192
-217
-158
-196
-212
-144
-155
-210
-157
-203
-261
-135
-202
-204
-159
-137
-173
-203
-134
-170
-197
-156
-174
-238
-216
-170
-127
-138
-218
-231
-129
-147
-194
-230
-180
-253
-184
-175
-218
-258
-163
-157
-194
-255
-230
-232
-194
-181
-254
-243
-223
-263
-230
-224
-240
-200
-224
-215
-233
-238
-226
-234
-274
-261
-190
-222
-191
-246
-215
-171
-196
-188
-157
-222
-279
-211
-262
-224
-233
-186
-220
-252
-206
-235
-177
-188
-274
-222
-238
-223
-217
-203
-248
-215
-171
-253
-270
-186
-234
-218
-210
-281
-241
-230
-256
-208
-220
-199
-238
-212
-198
-185
-173
-234
-236
-241
-210
-190
-180
-210
-201
-186
-153
-176
-216
-228
-178
-217
-210
-181
-170
-197
-138
-108
-127
-119
-105
-132
-165
-130
-142
-102
-186
-174
-132
-109
-139
-131
-152
-140
-135
-151
-166
-140
-194
-185
-164
-189
-183
-187
-171
-234
-190
-167
-188
-203
-227
-271
-206
-262
-212
-278
-259
-242
-225
-282
-253
-212
-259
-299
-258
-271
-282
-259
-260
-303
-304
-255
-268
-277
-259
-263
-278
-228
-244
-280
-203
-213
-251
-195
-145
-241
-257
-211
-190
-154
-203
-219
-200
-201
-200
-172
-156
-210
-213
-172
-182
-157
-160
-165
-159
-116
-170
-172
-177
-178
-121
-166
-204
-152
-144
-147
-118
-122
-185
-141
-134
-165
-159
-165
-179
-143
-168
-188
-127
-122
-119
-197
-177
-123
-144
-179
-203
-150
-144
-172
-157
-157
-167
-181
-181
-199
-194
-186
-219
-210
-186
-208
-207
-203
-197
-155
-197
-234
-203
-191
-245
-212
-242
-219
-221
-225
-205
-249
-199
-204
-257
-264
-206
-303
-336
-269
-262
-296
-233
-292
-230
-225
-286
-290
-259
-266
-275
-286
-291
-285
-301
-229
-245
-280
-207
-227
-244
-233
-287
-252
-223
-261
-250
-221
-166
-193
-185
-165
-194
-174
-122
-222
-179
-140
-181
-177
-149
-136
-127
-146
-139
-163
-129
-87
-144
-182
-161
-180
-201
-140
-156
-146
-151
-131
-147
-139
-158
-155
-166
-157
-187
-152
-142
-209
-169
-178
-199
-218
-154
-177
-235
-201
-202
-209
-245
-250
-237
-200
-205
-257
-214
-225
-264
-231
-244
-259
-269
-207
-285
-332
-264
-254
-247
-244
-231
-298
-264
-298
-310
-286
-272
-283
-280
-280
-263
-287
-278
-268
-274
-228
-238
-261
-260
-232
-248
-222
-230
-224
-217
-200
-199
-182
-218
-188
-203
-176
-196
-200
-141
-195
-212
-178
-216
-184
-157
-168
-174
-153
-173
-170
-173
-148
-167
-146
-205
-199
-148
-123
-159
-180
-145
-170
-192
-180
-165
-200
-207
-204
-228
-177
-198
-208
-158
-214
-217
-176
-191
-219
-204
-198
-238
-212
-175
-203
-206
-210
-179
-174
-176
-176
-226
-192
-244
-218
-220
-227
-234
-201
-214
-182
-227
-223
-251
-219
-217
-208
-247
-262
-206
-200
-257
-222
-218
-211
-224
-230
-219
-222
-213
-211
-218
-230
-212
-165
-193
-198
-195
-179
-157
-185
-194
-201
-233
-220
-217
-245
-209
-227
-180
-198
-188
-189
-183
-199
-225
-226
-195
-233
-233
-194
-193
-176
-190
-193
-179
-174
-184
-187
-210
-206
-166
-167
-162
-169
-151
-115
-169
-126
-136
-131
-160
-159
-119
-106
-144
-99
-120
-133
-134
-102
-142
-161
-153
-169
-165
-183
-209
-184
-183
-192
-159
-150
-192
-201
-186
-185
-173
-201
-229
-233
-236
-204
-252
-236
-203
-198
-226
-187
-233
-211
-237
-238
-247
-266
-271
-252
-229
-220
-195
-228
-224
-220
-236
-228
-227
-239
-252
-231
-194
-196
-205
-193
-157
-169
-180
-195
-159
-168
-196
-175
-185
-172
-139
-182
-144
-128
-144
-158
-146
-171
-159
-166
-171
-160
-146
-134
-149
-153
-157
-111
-148
-170
-172
-151
-177
-167
-157
-182
-186
-157
-144
-163
-168
-139
-190
-202
-158
-221
-203
-183
-223
-223
-159
-198
-219
-175
-167
-206
-206
-201
-222
-209
-167
-183
-199
-144
-172
-181
-167
-168
-176
-192
-187
-181
-192
-153
-165
-217
-186
-186
-207
-189
-162
-173
-192
-198
-193
-173
-200
-190
-204
-180
-179
-179
-192
-163
-171
-172
-169
-174
-189
-180
-204
-161
-160
-172
-187
-199
-207
-170
-198
-199
-177
-211
-200
-194
-190
-200
-241
-197
-200
-220
-184
-194
-241
-197
-216
-212
-191
-198
-236
-196
-214
-193
-204
-215
-208
-177
-200
-173
-201
-188
-195
-212
-191
-199
-204
-195
-186
-150
-172
-152
-171
-197
-162
-178
-184
-165
-188
-187
-138
-164
-139
-138
-135
-153
-165
-169
-173
-191
-161
-145
-169
-143
-120
-133
-115
-150
-153
-144
-145
-154
-150
-162
-158
-120
-129
-160
-136
-125
-155
-148
-163
-142
-137
-157
-158
-175
-166
-166
-156
-135
-157
-146
-155
-155
-166
-194
-196
-208
-213
-163
-212
-177
-159
-164
-187
-157
-170
-169
-242
-211
-176
-229
-164
-211
-177
-166
-186
-209
-180
-214
-187
-195
-261
-249
-246
-248
-246
-214
-203
-215
-220
-209
-217
-233
-236
-263
-244
-235
-253
-241
-235
-199
-227
-198
-204
-220
-222
-187
-230
-218
-204
-208
-207
-166
-175
-184
-151
-167
-177
-181
-168
-165
-170
-204
-206
-170
-146
-153
-165
-123
-142
-152
-139
-130
-154
-156
-157
-157
-159
-136
-142
-158
-118
-125
-151
-133
-146
-138
-141
-153
-154
-132
-150
-115
-133
-141
-104
-121
-118
-118
-130
-111
-103
-142
-125
-141
-116
-113
-134
-152
-93
-112
-121
-115
-143
-165
-109
-123
-146
-127
-91
-126
-153
-131
-117
-92
-118
-140
-145
-115
-135
-128
-134
-149
-126
-154
-113
-137
-136
-117
-125
-144
-144
-144
-157
-146
-150
-141
-170
-126
-168
-176
-182
-154
-184
-174
-197
-191
-177
-172
-186
-197
-181
-174
-186
-172
-193
-178
-207
-230
-205
-205
-238
-229
-214
-223
-218
-192
-215
-255
-218
-218
-233
-189
-208
-210
-173
-177
-218
-169
-158
-178
-152
-147
-164
-154
-141
-158
-167
-145
-146
-166
-164
-126
-128
-108
-109
-131
-111
-93
-111
-107
-80
-91
-104
-92
-122
-96
-79
-61
-96
-81
-77
-77
-81
-87
-98
-88
-68
-95
-86
-63
-83
-100
-74
-95
-78
-76
-85
-90
-92
-95
-102
-94
-91
-111
-99
-74
-104
-128
-101
-132
-121
-108
-136
-155
-130
-122
-117
-109
-125
-145
-127
-111
-118
-135
-139
-129
-110
-133
-89
-95
-121
-120
-87
-106
-114
-132
-148
-126
-143
-127
-131
-135
-104
-99
-124
-101
-121
-140
-124
-129
-157
-127
-113
-127
-148
-126
-118
-113
-111
-129
-130
-146
-141
-157
-174
-124
-149
-141
-127
-123
-124
-111
-142
-150
-133
-140
-163
-154
-150
-120
-98
-108
-107
-133
-84
-101
-121
-114
-114
-128
-98
-118
-132
-74
-42
-103
-89
-58
-106
-101
-109
-125
-141
-121
-130
-108
-95
-101
-92
-110
-101
-83
-128
-98
-125
-139
-129
-115
-98
-71
-88
-79
-81
-62
-90
-87
-74
-106
-103
-82
-109
-113
-85
-75
-108
-111
-96
-113
-94
-109
-114
-86
-93
-124
-115
-104
-83
-87
-102
-86
-69
-65
-84
-80
-69
-92
-89
-68
-54
-76
-67
-89
-88
-42
-35
-48
-48
-47
-40
-39
-33
-29
-51
-33
-17
-37
-36
-32
-37
-48
-35
-52
-36
-29
-73
-59
-42
-90
-75
-52
-61
-53
-56
-62
-74
-64
-78
-107
-89
-111
-109
-94
-117
-106
-95
-99
-96
-107
-125
-146
-135
-140
-151
-140
-136
-150
-145
-103
-128
-136
-134
-133
-165
-144
-154
-157
-149
-134
-145
-152
-118
-110
-117
-118
-107
-124
-116
-140
-137
-93
-100
-99
-79
-69
-48
-70
-57
-66
-89
-63
-80
-87
-72
-70
-60
-27
-41
-36
-42
-55
-53
-50
-31
-73
-70
-57
-59
-60
-20
-26
-52
-30
-34
-40
-28
-53
-66
-51
-49
-54
-33
-31
-28
-24
-5
-35
-61
-36
-64
-67
-62
-64
-68
-57
-65
-49
-44
-57
-72
-102
-70
-71
-109
-106
-97
-125
-64
-85
-105
-76
-69
-99
-123
-102
-104
-119
-106
-112
-133
-91
-122
-122
-113
-120
-134
-122
-122
-135
-117
-131
-172
-154
-129
-138
-123
-140
-110
-151
-125
-119
-128
-118
-104
-126
-107
-110
-128
-82
-98
-108
-92
-76
-111
-90
-98
-116
-109
-95
-100
-96
-70
-54
-86
-86
-52
-96
-75
-39
-76
-73
-60
-93
-81
-62
-63
-74
-50
-41
-61
-49
-36
-60
-52
-20
-65
-63
-39
-66
-62
-3
-25
-44
-10
-20
-35
-19
-26
-29
-22
-53
-53
-37
-29
-50
-53
-41
-53
-51
-36
-49
-64
-85
-90
-71
-71
-91
-75
-60
-38
-75
-58
-61
-76
-78
-73
-78
-79
-78
-62
-74
-53
-53
-34
-34
-51
-65
-64
-65
-77
-84
-65
-80
-78
-72
-74
-69
-53
-58
-75
-64
-55
-72
-60
-69
-78
-68
-65
-49
-44
-28
-26
-39
-54
-59
-37
-53
-67
-51
-72
-52
-57
-45
-26
-52
-50
-47
-65
-70
-75
-85
-83
-83
-69
-81
-70
-92
-71
-74
-98
-108
-98
-113
-123
-111
-99
-115
-93
-83
-103
-84
-73
-95
-102
-110
-124
-125
-97
-105
-112
-108
-84
-89
-84
-84
-104
-116
-103
-102
-116
-91
-91
-109
-81
-59
-71
-38
-57
-69
-73
-52
-65
-74
-80
-74
-63
-54
-34
-37
-28
-34
-24
-33
-30
-62
-37
-42
-48
-31
-22
-35
-19
15
-4
-9
8
-17
-12
1
-32
-19
19
0
1
23
11
2
8
15
-18
-15
-11
-15
-21
-31
-24
-29
-26
-27
-36
-47
-48
-60
-73
-68
-97
-88
-66
-77
-87
-61
-89
-100
-80
-85
-75
-67
-87
-76
-71
-77
-71
-67
-50
-60
-65
-44
-42
-50
-46
-69
-53
-53
-59
-54
-62
-75
-45
-63
-56
-56
-55
-47
-59
-60
-61
-66
-77
-68
-62
-67
-69
-46
-61
-63
-30
-44
-31
-52
-65
-58
-62
-75
-71
-59
-41
-45
-51
-43
-44
-34
-37
-76
-70
-62
-61
-45
-62
-54
-27
-28
-45
-29
-37
-52
-64
-41
-47
-53
-41
-41
-46
-11
-18
-35
-10
-33
-42
-21
-40
-80
-56
-39
-65
-40
-36
-48
-32
-40
-51
-76
-58
-63
-95
-74
-66
-62
-48
-19
-15
-34
-18
-13
-30
-15
-50
-36
-17
-37
-14
13
21
19
18
28
12
-7
27
4
-2
11
0
13
31
27
31
30
45
28
33
28
17
20
27
3
32
42
20
4
13
12
-7
14
-28
-66
-37
-38
-46
-42
-42
-57
-56
-62
-69
-61
-85
-113
-121
-103
-102
-118
-116
-98
-107
-80
-99
-90
-75
-88
-107
-112
-71
-98
-110
-89
-92
-90
-75
-70
-94
-81
-75
-85
-94
-95
-91
-81
-79
-85
-88
-56
-46
-75
-53
-39
-54
-42
-51
-57
-16
-36
-59
-27
-18
-59
-36
-11
-50
-11
-11
-22
-31
-1
-25
-30
-16
-12
-24
3
0
-8
16
22
3
22
19
25
15
29
11
21
25
7
4
27
8
17
39
23
9
-7
12
-12
-13
0
10
3
13
-2
6
0
-5
-9
8
-17
-44
-33
-30
-61
-35
-25
-43
-56
-47
-47
-65
-60
-83
-77
-72
-93
-78
-65
-68
-75
-61
-72
-78
-83
-87
-98
-98
-109
-102
-84
-100
-86
-83
-80
-72
-58
-69
-83
-93
-87
-94
-84
-79
-75
-66
-68
-49
-68
-42
-60
-55
-68
-67
-73
-69
-71
-33
-39
-28
-31
-45
-22
-17
-35
-21
-8
-55
-29
-14
-15
-11
12
3
2
23
28
8
13
0
-3
-2
9
2
11
28
43
29
52
49
48
45
40
16
35
32
38
52
62
53
54
70
54
47
54
29
6
20
-21
1
11
18
-5
3
4
-3
-5
-26
-29
-43
-35
-56
-58
-39
-51
-49
-31
-27
-43
-30
-54
-60
-60
-73
-97
-69
-59
-61
-65
-75
-64
-73
-69
-72
-74
-95
-115
-123
-85
-75
-103
-74
-37
-68
-67
-16
-44
-63
-32
-33
-55
-36
-49
-42
-1
-12
-24
13
9
-1
-6
1
-17
-23
5
-5
1
24
18
31
48
46
53
50
24
21
35
15
41
40
64
41
38
61
73
35
47
17
28
47
21
22
40
44
33
58
63
39
57
60
60
17
37
35
41
51
38
38
64
44
39
66
50
41
27
26
22
19
12
18
30
44
16
27
23
13
5
15
11
2
14
2
-15
4
6
6
-9
5
-18
-21
-16
-18
-33
-41
-40
-39
-17
-24
-48
-11
-6
-29
-21
3
-13
-22
-5
-21
-37
-8
-14
-30
0
-16
-6
6
-7
7
12
18
4
10
11
5
-10
34
34
38
63
61
58
76
62
53
65
57
44
52
63
69
55
70
65
56
71
59
45
52
31
21
35
30
27
32
43
32
44
43
44
26
34
13
19
27
22
41
29
38
38
53
69
40
54
39
29
28
64
53
67
72
73
91
94
92
77
101
88
71
59
76
64
98
79
90
76
85
69
74
52
58
39
38
16
29
35
30
25
29
32
32
32
8
8
0
9
-35
-22
-8
-8
2
21
0
2
10
0
-11
-22
-13
-17
-17
-13
-5
-5
22
-16
-8
27
1
-8
-7
-6
-30
-12
2
-7
-8
7
-1
8
21
3
-22
4
-41
-30
-16
-19
-7
9
-12
-9
-5
11
-10
-13
-13
-37
-33
-45
-8
-9
-7
-14
-1
3
9
1
-8
0
-2
-8
0
-11
-1
1
10
10
32
43
12
28
35
5
19
0
23
10
10
26
43
43
27
48
39
25
23
45
13
20
34
25
43
52
43
54
59
47
38
35
47
17
39
31
18
51
54
40
57
66
40
38
47
38
13
7
42
26
31
24
24
43
35
30
17
32
15
7
8
9
6
36
23
2
34
19
25
10
38
1
8
12
6
19
10
15
20
11
3
0
4
11
-5
6
-10
-6
-27
-27
-32
-34
-24
-17
-49
-43
-46
-50
-47
-69
-74
-62
-45
-64
-46
-55
-71
-58
-34
-48
-46
-34
-47
-26
-24
-17
-13
-12
-6
5
9
17
8
18
32
22
37
44
21
38
37
26
45
51
55
58
65
77
44
73
41
73
58
61
51
53
81
67
82
80
87
77
78
91
82
86
84
65
76
96
86
79
79
79
76
77
65
37
52
25
19
-4
38
-4
-9
24
5
3
-6
-16
-47
-32
-42
-49
-43
-53
-62
-38
-66
-64
-58
-64
-75
-86
-67
-97
-111
-84
-105
-86
-71
-90
-69
-58
-84
-48
-77
-79
-84
-65
-76
-47
-51
-47
-47
-14
-17
-26
-4
2
-35
-29
4
-24
-11
4
29
22
61
64
44
54
73
45
43
51
38
66
67
91
96
123
103
102
128
117
98
118
107
93
121
135
114
116
159
118
132
143
121
87
89
87
67
80
74
56
78
67
42
52
57
25
13
29
11
-6
15
-5
2
20
2
2
6
7
-2
-23
-14
-30
-41
-22
-35
-28
-31
-23
-7
-18
-22
-36
-22
-22
-47
-51
-26
-36
-31
-22
-26
-30
-26
-43
-31
-27
-24
-49
-38
-40
-46
-37
-22
-18
-25
-4
-1
-3
13
23
7
6
0
14
32
36
8
27
31
37
29
33
28
28
32
19
39
27
20
22
6
22
25
31
17
39
23
43
23
37
23
22
25
27
30
21
31
29
40
44
47
31
39
19
36
23
17
31
51
30
52
43
64
33
44
46
26
0
30
-3
4
36
6
2
44
37
5
3
26
-31
-4
0
-16
1
0
-5
21
23
32
22
18
10
-11
-19
-11
-35
-15
-10
-13
-13
12
14
-21
-1
-17
-19
-18
-41
-36
-30
-23
-21
-17
-8
-16
-21
-7
-43
-32
-25
-56
-62
-37
-38
-15
-17
-8
-22
-4
-1
-29
-23
-15
-38
-28
-30
-23
11
16
-1
-8
13
19
2
13
-2
-15
10
29
6
25
77
46
72
65
59
71
71
27
55
60
52
53
61
69
72
74
66
88
77
49
60
40
46
62
22
78
65
65
79
66
49
61
33
28
39
27
11
18
30
20
16
16
2
9
6
4
-5
-3
0
-6
-21
4
-22
11
-16
-4
12
3
-17
-21
-9
-38
-36
-19
-22
-33
-12
-21
-29
-5
-21
-17
-27
-10
-35
-36
-20
-34
-26
-15
-21
-17
-10
-8
-20
-3
0
-29
-9
9
-37
-10
10
-9
-16
8
-3
-2
11
-14
-13
15
5
-9
-9
30
-2
13
17
1
4
44
15
15
35
15
31
36
42
41
45
41
41
58
81
40
63
63
65
75
84
76
67
108
100
110
105
111
105
122
108
109
113
106
84
105
109
75
97
97
92
97
112
83
66
80
65
53
75
49
44
66
41
35
29
39
15
19
19
12
0
10
-14
-1
0
-1
0
14
2
9
3
13
-4
4
-1
-21
-3
-7
-1
17
25
15
23
22
13
20
22
17
6
17
21
40
36
69
50
57
84
49
56
72
44
37
50
39
59
81
54
64
81
60
77
64
71
57
38
73
54
45
79
86
81
102
98
75
81
62
48
57
48
42
57
50
59
58
73
62
43
49
33
29
37
19
4
33
27
19
40
45
37
37
26
40
20
2
25
-5
27
22
17
43
40
41
38
73
19
34
46
26
30
47
62
60
76
76
101
76
79
77
78
77
82
78
88
98
116
132
112
128
128
118
104
125
103
107
140
107
112
143
131
118
146
131
136
119
116
101
105
98
72
90
119
115
96
101
106
92
91
90
79
76
98
67
71
74
72
58
56
64
34
35
25
13
11
19
-21
-17
-3
-34
-36
-19
-45
-26
-39
-53
-40
-39
-69
-74
-62
-60
-68
-54
-56
-67
-54
-52
-53
-44
-46
-43
-54
-27
-46
-36
-11
-28
-4
7
-4
3
12
28
23
35
45
44
53
56
70
55
75
73
93
109
108
87
107
90
125
115
114
132
129
141
138
163
152
189
139
164
170
152
162
172
166
157
169
173
177
186
183
165
183
147
123
151
110
115
117
129
109
130
120
109
104
121
88
82
82
68
64
87
65
62
83
76
76
72
70
46
74
34
27
39
33
26
40
42
45
47
28
20
19
5
2
0
1
-11
11
0
16
15
34
24
0
12
29
-1
-16
-6
-14
-16
9
-12
12
37
19
-1
7
23
0
7
8
-3
28
26
21
46
55
34
57
55
57
53
45
62
26
50
72
54
85
68
86
99
97
81
75
100
76
55
103
104
108
112
133
146
135
140
133
125
126
126
129
131
132
148
166
152
168
170
159
157
152
151
135
125
155
141
131
170
147
155
163
145
134
155
126
112
127
109
112
146
128
123
145
150
119
117
131
102
101
94
79
93
118
100
107
108
89
85
88
73
46
59
61
17
53
66
48
43
74
27
48
61
43
39
42
22
25
5
45
30
32
41
20
60
62
45
40
61
46
30
65
50
47
86
72
64
88
103
93
81
95
92
75
123
105
98
135
154
136
162
171
155
160
176
161
166
176
171
176
203
193
195
210
209
196
219
208
193
208
191
199
192
227
217
208
217
204
212
211
190
193
204
188
193
209
202
190
211
181
198
217
204
189
205
196
158
189
203
174
173
213
162
178
196
169
180
190
179
153
174
174
149
165
178
141
162
178
159
167
161
160
146
151
139
139
144
134
107
149
148
125
137
158
145
142
125
135
120
126
143
134
138
152
155
152
170
159
165
144
143
140
147
119
119
155
148
129
180
183
150
180
168
138
143
159
137
143
170
157
166
186
177
160
173
183
161
186
165
154
183
160
148
201
183
187
215
209
194
208
175
192
214
206
194
221
264
234
245
261
245
233
268
236
258
242
242
251
265
285
294
292
313
301
304
309
309
266
297
290
281
305
330
305
319
324
323
309
319
306
272
264
266
266
283
276
288
284
286
261
258
245
226
226
222
197
190
217
194
175
198
173
191
173
143
149
141
106
114
134
124
123
129
156
123
136
164
118
127
133
120
98
123
126
131
156
156
147
166
166
146
158
178
158
146
175
179
173
206
195
192
215
225
208
229
240
224
232
238
230
255
269
264
260
281
283
275
297
298
289
286
321
316
310
339
329
336
353
328
345
356
356
326
353
353
323
332
349
318
327
341
293
294
329
287
265
308
279
265
275
269
256
271
258
248
268
268
236
269
243
246
257
240
229
257
238
237
223
223
226
225
226
238
224
238
219
179
217
213
187
196
219
197
219
215
202
206
208
194
191
212
205
196
200
209
198
237
223
197
235
234
196
208
220
179
220
190
216
218
247
233
224
238
240
225
234
238
241
228
248
246
253
280
261
265
274
264
250
269
263
242
273
252
253
281
278
306
266
292
297
270
276
265
257
260
258
264
282
274
278
276
299
266
282
297
253
260
272
282
279
295
297
309
313
315
286
318
302
274
288
294
262
272
291
280
292
274
286
274
281
275
248
256
237
235
230
250
229
245
242
238
257
251
217
211
226
195
211
218
206
207
220
212
210
232
216
203
224
196
185
183
187
188
191
210
205
222
216
214
220
223
196
188
210
192
204
223
224
211
250
258
222
244
244
236
217
245
212
232
266
276
281
301
314
296
307
316
289
276
296
285
258
295
278
268
278
275
284
279
272
255
258
250
217
239
255
253
254
269
265
283
271
257
243
259
226
209
227
233
231
244
247
253
260
260
240
242
252
229
213
228
237
221
231
251
245
248
261
245
240
233
231
220
215
217
216
258
244
241
251
253
230
250
243
232
225
216
216
220
233
221
230
236
233
218
235
213
207
200
184
197
209
210
224
228
217
225
233
248
241
229
244
224
237
253
241
261
268
256
268
296
288
271
270
282
276
276
297
289
293
328
307
316
316
298
302
330
312
281
326
313
291
334
315
322
333
322
320
318
306
299
289
288
281
277
262
259
255
249
253
230
243
237
186
185
199
164
173
186
166
195
183
172
159
177
169
159
176
161
139
166
165
140
154
167
136
155
162
146
159
165
161
162
177
168
146
171
153
167
166
192
168
180
183
177
193
187
175
180
191
185
194
198
204
199
210
205
207
233
245
218
235
243
235
247
265
264
270
283
277
272
294
278
272
265
262
259
289
298
290
311
314
314
316
342
318
310
316
315
313
333
339
317
335
334
320
315
325
302
292
280
272
254
260
260
269
285
279
261
282
246
234
248
235
206
218
223
215
213
235
202
210
229
176
196
194
166
142
170
154
164
179
166
166
185
184
174
184
173
169
161
180
163
182
171
191
189
194
212
191
196
188
172
159
163
155
196
202
195
198
221
216
203
212
202
196
197
178
184
192
213
192
208
228
195
193
201
191
173
165
147
152
169
168
150
181
177
180
192
194
185
179
180
172
169
182
199
193
217
214
226
232
224
217
224
231
220
235
226
225
250
251
266
289
284
288
267
282
260
261
288
262
276
308
307
283
308
307
309
310
293
299
286
287
276
281
291
303
295
316
296
309
305
292
279
280
281
264
263
290
268
264
282
262
253
268
249
231
249
244
212
224
222
207
222
226
214
229
224
209
213
192
178
178
185
173
191
182
184
180
181
186
151
147
159
128
114
144
136
113
111
135
122
134
146
123
148
124
103
126
126
116
132
140
129
117
155
131
120
142
130
120
132
135
122
147
143
138
147
184
159
203
187
180
181
197
204
213
224
232
251
266
276
280
283
297
293
294
307
296
310
299
309
300
318
303
316
328
328
316
325
317
317
335
328
309
330
339
314
331
344
323
323
322
300
306
317
303
281
301
278
288
289
286
262
290
277
258
249
265
254
244
237
234
238
250
245
219
241
226
214
231
239
212
210
228
186
207
214
193
187
213
186
203
187
184
167
178
154
139
150
143
132
129
141
147
119
139
131
118
128
126
80
120
127
99
130
138
143
156
159
148
153
175
162
139
158
172
157
183
181
183
214
177
200
219
182
180
188
189
189
181
215
223
232
248
238
231
274
234
228
234
241
225
254
261
264
288
274
259
273
292
279
268
269
262
256
265
270
274
316
291
284
302
304
292
299
290
296
276
284
295
301
327
309
316
338
325
294
308
308
268
292
297
286
284
320
293
293
322
296
276
273
271
235
260
242
222
265
248
214
244
252
188
196
186
168
149
153
141
133
133
149
123
136
135
120
118
129
93
119
124
97
101
123
121
124
133
129
147
131
141
142
126
148
132
141
171
162
159
186
182
179
189
197
175
179
180
187
188
182
211
223
235
221
232
248
229
221
222
220
225
234
234
254
262
266
253
255
285
270
282
283
272
275
293
273
292
312
283
293
319
315
301
315
310
311
302
297
311
296
300
302
306
314
293
294
313
270
285
282
277
267
286
265
254
285
284
262
265
271
247
265
245
252
241
246
233
230
235
222
211
223
198
187
213
179
165
171
164
153
171
170
134
149
152
146
159
163
161
159
146
148
136
142
144
153
142
147
146
163
172
180
151
166
165
178
166
177
175
213
197
199
223
210
219
247
241
243
253
231
238
252
273
290
285
297
290
300
312
319
305
295
301
294
300
323
309
318
340
314
314
323
309
301
290
288
279
274
276
296
283
270
265
280
269
251
256
240
218
221
248
204
205
235
207
195
237
211
200
219
188
155
184
208
185
184
200
213
206
220
213
197
232
206
194
217
200
195
206
234
222
241
264
249
236
243
221
233
225
231
234
231
248
242
259
275
279
272
279
262
257
286
250
251
276
267
268
281
290
287
293
295
264
288
275
259
262
275
278
288
281
283
298
303
273
261
281
250
225
242
232
254
257
240
236
270
259
254
227
221
221
194
215
203
191
205
214
197
221
217
212
200
193
181
183
180
167
180
194
190
203
229
215
223
236
202
213
197
187
179
199
201
199
211
228
226
236
229
227
218
219
224
225
231
222
247
257
275
268
298
276
253
264
283
254
253
270
258
266
287
278
262
285
282
257
254
261
218
240
257
232
253
263
245
250
278
246
243
234
221
208
229
210
214
218
226
213
211
237
216
208
205
204
210
235
216
216
250
240
246
256
260
256
254
259
245
256
261
243
258
267
255
259
293
256
278
284
280
264
289
278
254
264
275
259
257
274
261
268
274
263
264
273
257
254
253
255
273
260
245
264
274
272
250
265
263
254
251
246
233
239
250
243
246
245
246
241
264
256
255
272
258
244
262
265
242
250
259
249
224
254
234
210
231
234
193
183
213
186
197
201
185
189
214
185
181
212
185
156
172
175
172
168
184
176
192
207
188
196
198
188
199
220
188
192
212
221
221
238
237
244
244
270
262
259
254
250
266
257
252
265
279
278
277
316
271
308
284
288
280
325
287
300
327
328
308
352
349
317
340
333
330
301
327
315
314
317
305
310
341
314
307
317
302
304
285
291
265
282
282
258
273
295
288
265
286
269
254
268
261
227
250
249
240
257
277
260
275
265
249
244
264
255
239
240
262
245
251
268
278
285
268
263
260
265
251
228
238
245
236
257
275
256
280
280
242
253
248
231
224
210
210
218
228
226
221
228
226
207
208
204
177
200
178
161
206
199
180
219
235
221
227
228
217
217
238
209
226
242
236
237
280
290
280
287
278
267
268
275
271
261
284
278
306
327
318
334
340
317
320
333
319
296
322
314
315
324
335
327
327
344
316
324
306
307
295
281
271
274
302
310
289
305
284
261
277
270
230
253
240
204
213
230
217
215
240
226
217
221
217
181
195
201
161
181
195
182
173
198
214
190
211
187
176
191
169
166
175
186
184
200
218
210
208
216
198
193
226
206
181
195
219
226
217
252
252
254
261
266
256
276
250
251
269
274
269
305
299
302
319
311
308
299
294
295
291
273
292
307
311
324
313
340
333
295
322
328
309
289
279
298
305
301
311
320
311
291
302
291
274
260
270
243
256
258
250
246
260
251
259
259
236
222
218
208
182
199
200
206
218
212
200
211
208
183
186
182
161
168
177
149
175
200
170
180
182
176
165
169
170
137
142
162
143
149
164
171
151
168
172
178
179
186
150
176
186
161
177
216
195
194
225
223
221
230
239
244
244
250
229
259
262
248
264
259
250
254
264
254
250
261
244
237
251
247
241
255
246
246
265
277
268
258
273
264
263
285
267
258
255
267
283
267
271
273
279
274
251
277
278
253
257
247
267
252
271
262
245
272
253
241
255
244
236
230
204
215
227
207
219
212
234
202
185
215
172
194
179
161
177
192
170
171
191
194
198
182
189
161
156
170
167
134
157
159
147
155
187
140
171
173
151
147
152
151
145
151
154
160
198
189
184
220
207
206
206
201
202
211
219
216
238
258
242
254
278
259
262
253
228
260
222
246
273
273
274
284
285
275
273
286
271
253
253
259
229
243
273
240
246
254
251
225
243
231
203
204
190
168
200
189
189
192
184
197
188
179
177
151
160
147
158
156
143
152
184
154
156
176
165
153
144
152
136
135
146
151
136
151
155
149
171
168
142
154
168
149
162
173
166
181
191
207
217
220
205
209
216
217
206
229
232
211
240
246
233
246
250
257
228
228
231
216
227
219
203
226
235
215
220
223
210
226
216
196
188
193
197
188
213
208
165
201
203
172
186
172
161
180
161
146
158
148
141
149
172
136
130
159
137
112
136
115
108
112
110
119
123
115
112
114
123
108
116
115
113
119
132
125
136
152
153
162
169
169
168
185
183
170
203
201
174
204
211
207
198
217
221
224
218
216
212
217
237
214
215
232
209
230
232
220
232
243
221
214
231
220
206
205
215
208
216
197
180
197
200
172
189
184
161
164
153
146
149
161
146
120
135
141
135
147
143
128
145
142
117
121
152
115
120
130
127
114
130
115
113
112
101
96
110
107
90
99
115
100
101
108
109
94
107
96
91
105
107
98
117
104
120
126
136
127
138
135
118
127
115
137
119
139
144
145
153
130
147
155
142
143
135
149
153
145
151
161
154
164
167
167
178
181
164
183
161
140
140
163
135
145
164
140
171
171
156
144
145
153
150
152
169
139
162
167
163
183
171
171
186
174
159
148
169
153
157
177
143
147
170
162
160
156
145
139
137
138
109
125
125
110
135
161
126
147
139
128
120
119
99
90
107
110
102
110
108
101
110
135
97
87
100
73
56
84
65
62
61
73
90
113
100
61
68
78
58
62
71
56
62
90
87
83
121
110
84
104
103
76
104
103
86
96
110
93
126
141
125
118
139
113
111
115
114
108
121
126
129
150
158
157
151
144
129
137
149
127
135
136
144
160
162
155
169
156
155
146
142
144
136
155
155
160
161
192
164
185
188
173
167
171
160
173
171
170
182
188
195
186
199
203
181
182
165
141
150
152
121
155
143
127
143
138
134
113
111
82
68
83
82
54
73
87
75
74
90
54
48
46
26
29
52
26
33
38
39
38
36
58
54
42
46
43
51
53
38
48
62
65
72
88
90
96
102
98
96
103
112
94
96
125
110
117
131
126
129
136
137
119
137
139
110
142
133
126
129
149
147
149
157
149
144
165
150
140
141
142
151
146
162
163
168
166
146
169
172
151
147
155
151
154
157
154
165
164
161
146
173
158
155
141
160
130
156
156
136
162
150
129
147
145
117
117
139
119
104
124
132
108
122
135
108
121
137
114
94
114
101
97
102
100
70
108
83
63
85
77
78
80
78
81
78
82
66
70
90
83
61
92
109
84
98
107
93
105
108
81
95
102
96
83
96
98
83
94
90
92
84
100
70
95
85
69
105
89
70
100
103
85
108
95
93
94
85
89
88
78
83
91
89
99
92
97
109
85
105
115
91
110
120
102
124
140
136
155
156
153
153
167
151
149
160
163
164
177
201
181
191
188
188
191
197
177
153
156
171
159
164
167
167
162
168
152
162
147
141
124
142
112
116
115
130
129
141
148
115
121
114
98
90
94
69
73
78
62
41
73
72
69
73
51
37
49
39
5
34
34
25
30
45
44
61
59
40
29
43
27
35
54
41
60
75
80
87
88
85
87
86
66
76
85
76
63
74
89
93
86
94
102
101
120
99
97
105
102
97
106
118
100
137
147
135
136
151
127
106
121
88
103
107
109
104
123
119
119
135
127
110
114
138
99
99
120
137
136
144
159
145
172
163
159
155
150
130
132
142
126
138
148
158
142
144
137
132
125
117
105
107
100
85
117
124
113
124
118
111
106
123
101
89
91
86
82
104
114
111
122
127
115
128
129
97
114
100
105
112
125
130
130
150
138
131
139
143
123
110
117
94
96
122
119
128
121
114
121
130
112
104
121
106
85
112
113
121
131
144
143
141
161
144
136
128
133
124
134
137
135
145
137
129
144
150
107
138
128
112
127
117
113
143
144
127
123
157
127
124
125
128
93
116
112
109
112
152
134
117
158
125
129
137
136
110
126
107
102
154
139
134
157
145
149
148
146
133
143
137
131
129
134
134
143
143
138
150
144
157
145
146
154
127
145
153
147
170
152
165
165
179
163
163
175
171
163
175
180
184
183
184
172
187
200
188
185
186
178
188
175
180
183
175
173
173
205
189
166
196
179
149
166
167
163
158
154
159
144
166
148
167
175
162
138
157
142
128
141
135
114
135
146
123
125
134
135
113
129
117
118
109
111
103
115
115
118
90
124
116
122
131
123
121
154
129
119
139
138
135
145
143
155
161
154
141
140
153
124
127
138
131
134
150
129
133
149
148
148
150
168
152
163
168
168
173
167
190
180
194
169
200
200
188
177
175
170
167
188
173
165
176
170
168
172
171
174
150
154
132
151
157
142
143
153
138
138
157
161
124
149
150
123
154
152
138
145
158
140
136
145
146
142
128
125
117
133
107
119
140
145
130
153
145
138
156
141
131
115
152
130
134
142
144
128
144
149
131
152
140
140
119
139
119
130
146
133
125
154
155
138
158
152
140
137
139
125
115
137
118
135
132
146
127
142
122
130
125
111
117
116
119
109
128
117
117
119
138
110
112
102
101
89
97
84
79
97
84
81
91
96
72
86
73
60
67
76
65
74
76
75
78
90
95
76
89
84
73
82
74
75
86
72
80
88
96
83
94
91
81
79
84
74
82
75
81
91
93
94
85
93
90
84
85
87
73
80
88
83
87
88
93
89
93
90
82
73
75
70
73
75
72
76
75
73
77
81
72
66
67
66
64
68
67
64
68
69
68
79
79
72
69
74
70
60
67
64
59
66
63
63
65
66
59
64
60
53
57
56
56
58
56
58
61
67
61
62
63
54
54
56
51
50
53
49
49
50
52
48
46
49
43
42
42
37
37
39
38
35
39
38
34
37
37
32
35
34
27
29
30
27
30
29
29
26
29
27
25
24
25
20
23
23
15
22
23
16
17
21
18
16
18
14
13
14
15
12
13
16
12
16
17
13
15
17
15
15
16
16
15
16
18
17
18
17
18
17
16
17
18
18
16
15
16
14
15
16
14
14
15
15
13
14
15
13
14
14
12
13
14
12
12
14
13
13
13
12
12
12
12
11
11
11
11
10
10
10
10
10
9
9
9
7
7
7
7
6
6
6
6
6
5
5
5
5
4
4
4
3
3
3
3
3
3
3
2
2
2
2
2
1
1
1
1
1
1
1
1
1
1
1
1
1
1
0
0
0
0
1
0
0
0
0
0
0
0
0
0
0
0
0
0
0
0
0
0
0
0
0
0
0
0
0
0
0
0
0
0
0
0
0
0
0
0
0
0
0
0
0
0
0
0
0
0
0
0
0
0
0
0
0
0
0
0
0
0
0
0
0
0
0
0
0
0
0
